image: demo_world.pgm
resolution: 0.100000
origin: [-0.951934, -3.451670, 0.000000]
negate: 0
occupied_thresh: 0.65
free_thresh: 0.196

